solid AssimpScene
 facet normal 0.202569 0.775352 0.598159
  outer loop
  vertex -0.0268643 0.00869103 -0.0812126
  vertex -0.0294052 0.00927404 -0.0837265
  vertex -0.0294052 0.00895691 -0.0811361
  endloop
 endfacet

 facet normal -0.0588998 -0.998224 0.00896697
  outer loop
  vertex -0.0294052 0.00927404 -0.0837265
  vertex -0.0268643 0.00869103 -0.0812126
  vertex -0.0268643 0.00899877 -0.0837265
  endloop
 endfacet

 facet normal -0.0588998 -0.998224 0.00896698
  outer loop
  vertex -0.0268643 0.00899877 -0.0837265
  vertex -0.0268643 0.00869103 -0.0812126
  vertex -0.0294052 0.00927404 -0.0837265
  endloop
 endfacet

 facet normal 0.202569 0.775352 0.598159
  outer loop
  vertex -0.0294052 0.00895691 -0.0811361
  vertex -0.0294052 0.00927404 -0.0837265
  vertex -0.0268643 0.00869103 -0.0812126
  endloop
 endfacet

 facet normal 0.163446 0.426591 0.889553
  outer loop
  vertex -0.0294052 0.00895691 -0.0811361
  vertex -0.0268643 0.00778857 -0.0788701
  vertex -0.0268643 0.00869103 -0.0812126
  endloop
 endfacet

 facet normal 0.163446 0.426591 0.889553
  outer loop
  vertex -0.0268643 0.00869103 -0.0812126
  vertex -0.0268643 0.00778857 -0.0788701
  vertex -0.0294052 0.00895691 -0.0811361
  endloop
 endfacet

 facet normal -0.0120205 -0.995382 -0.095235
  outer loop
  vertex -0.0243144 0.00852564 -0.0812603
  vertex -0.0268643 0.00899877 -0.0837265
  vertex -0.0268643 0.00869103 -0.0812126
  endloop
 endfacet

 facet normal -0.0120205 -0.995382 -0.095235
  outer loop
  vertex -0.0268643 0.00869103 -0.0812126
  vertex -0.0268643 0.00899877 -0.0837265
  vertex -0.0243144 0.00852564 -0.0812603
  endloop
 endfacet

 facet normal 0.788714 -0.194968 0.583024
  outer loop
  vertex -0.0243144 0.00764032 -0.0789622
  vertex -0.0268643 0.00869103 -0.0812126
  vertex -0.0268643 0.00778857 -0.0788701
  endloop
 endfacet

 facet normal 0.501802 -0.864793 -0.0181095
  outer loop
  vertex -0.0268643 0.00869103 -0.0812126
  vertex -0.0243144 0.00764032 -0.0789622
  vertex -0.0243144 0.00852564 -0.0812603
  endloop
 endfacet

 facet normal 0.501802 -0.864793 -0.0181095
  outer loop
  vertex -0.0243144 0.00852564 -0.0812603
  vertex -0.0243144 0.00764032 -0.0789622
  vertex -0.0268643 0.00869103 -0.0812126
  endloop
 endfacet

 facet normal 0.788714 -0.194968 0.583024
  outer loop
  vertex -0.0268643 0.00778857 -0.0788701
  vertex -0.0268643 0.00869103 -0.0812126
  vertex -0.0243144 0.00764032 -0.0789622
  endloop
 endfacet

 facet normal -0.168941 0.979673 -0.108168
  outer loop
  vertex -0.0268643 0.00899877 -0.0837265
  vertex -0.0294052 0.00895691 -0.086317
  vertex -0.0294052 0.00927404 -0.0837265
  endloop
 endfacet

 facet normal -0.168941 0.979673 -0.108168
  outer loop
  vertex -0.0294052 0.00927404 -0.0837265
  vertex -0.0294052 0.00895691 -0.086317
  vertex -0.0268643 0.00899877 -0.0837265
  endloop
 endfacet

 facet normal 0.397949 0.914926 -0.0674231
  outer loop
  vertex -0.0319337 0.00965308 -0.0837265
  vertex -0.0294052 0.00895691 -0.0811361
  vertex -0.0294052 0.00927404 -0.0837265
  endloop
 endfacet

 facet normal 0.397949 0.914926 -0.0674231
  outer loop
  vertex -0.0294052 0.00927404 -0.0837265
  vertex -0.0294052 0.00895691 -0.0811361
  vertex -0.0319337 0.00965308 -0.0837265
  endloop
 endfacet

 facet normal 0.771502 -0.00842532 -0.636171
  outer loop
  vertex -0.0294052 0.00927404 -0.0837265
  vertex -0.0319337 0.00932297 -0.0864224
  vertex -0.0319337 0.00965308 -0.0837265
  endloop
 endfacet

 facet normal 0 0.992278 0.124035
  outer loop
  vertex -0.0319337 0.00932297 -0.0864224
  vertex -0.0294052 0.00927404 -0.0837265
  vertex -0.0294052 0.00895691 -0.086317
  endloop
 endfacet

 facet normal 0 0.992278 0.124035
  outer loop
  vertex -0.0294052 0.00895691 -0.086317
  vertex -0.0294052 0.00927404 -0.0837265
  vertex -0.0319337 0.00932297 -0.0864224
  endloop
 endfacet

 facet normal 0.771502 -0.00842532 -0.636171
  outer loop
  vertex -0.0319337 0.00965308 -0.0837265
  vertex -0.0319337 0.00932297 -0.0864224
  vertex -0.0294052 0.00927404 -0.0837265
  endloop
 endfacet

 facet normal -0.0737801 -0.981548 -0.176409
  outer loop
  vertex -0.0268643 0.00899877 -0.0837265
  vertex -0.0243144 0.00852564 -0.0812603
  vertex -0.0243144 0.00882765 -0.0837265
  endloop
 endfacet

 facet normal -0.0737801 -0.981548 -0.176409
  outer loop
  vertex -0.0243144 0.00882765 -0.0837265
  vertex -0.0243144 0.00852564 -0.0812603
  vertex -0.0268643 0.00899877 -0.0837265
  endloop
 endfacet

 facet normal -0.374586 0.902616 -0.212061
  outer loop
  vertex -0.0294052 0.00895691 -0.086317
  vertex -0.0268643 0.00899877 -0.0837265
  vertex -0.0268643 0.00869103 -0.0862403
  endloop
 endfacet

 facet normal -0.374586 0.902616 -0.212061
  outer loop
  vertex -0.0268643 0.00869103 -0.0862403
  vertex -0.0268643 0.00899877 -0.0837265
  vertex -0.0294052 0.00895691 -0.086317
  endloop
 endfacet

 facet normal -0.42153 -0.849962 -0.316032
  outer loop
  vertex -0.0243144 0.00882765 -0.0837265
  vertex -0.0268643 0.00869103 -0.0862403
  vertex -0.0268643 0.00899877 -0.0837265
  endloop
 endfacet

 facet normal -0.42153 -0.849962 -0.316032
  outer loop
  vertex -0.0268643 0.00899877 -0.0837265
  vertex -0.0268643 0.00869103 -0.0862403
  vertex -0.0243144 0.00882765 -0.0837265
  endloop
 endfacet

 facet normal -0.00993236 -0.959107 -0.28287
  outer loop
  vertex -0.0217595 0.0084611 -0.0812788
  vertex -0.0243144 0.00882765 -0.0837265
  vertex -0.0243144 0.00852564 -0.0812603
  endloop
 endfacet

 facet normal -0.00993236 -0.959107 -0.28287
  outer loop
  vertex -0.0243144 0.00852564 -0.0812603
  vertex -0.0243144 0.00882765 -0.0837265
  vertex -0.0217595 0.0084611 -0.0812788
  endloop
 endfacet

 facet normal 0.454844 -0.871911 -0.18135
  outer loop
  vertex -0.0217595 0.00758238 -0.0789981
  vertex -0.0243144 0.00852564 -0.0812603
  vertex -0.0243144 0.00764032 -0.0789622
  endloop
 endfacet

 facet normal 0.0497394 -0.919104 -0.390862
  outer loop
  vertex -0.0243144 0.00852564 -0.0812603
  vertex -0.0217595 0.00758238 -0.0789981
  vertex -0.0217595 0.0084611 -0.0812788
  endloop
 endfacet

 facet normal 0.0497394 -0.919104 -0.390862
  outer loop
  vertex -0.0217595 0.0084611 -0.0812788
  vertex -0.0217595 0.00758238 -0.0789981
  vertex -0.0243144 0.00852564 -0.0812603
  endloop
 endfacet

 facet normal 0.454844 -0.871911 -0.18135
  outer loop
  vertex -0.0243144 0.00764032 -0.0789622
  vertex -0.0243144 0.00852564 -0.0812603
  vertex -0.0217595 0.00758238 -0.0789981
  endloop
 endfacet

 facet normal -0.0349728 0.0104209 0.999334
  outer loop
  vertex -0.0243144 0.00882765 -0.0837265
  vertex -0.0217595 0.0084611 -0.0812788
  vertex -0.0217595 0.0087607 -0.0837265
  endloop
 endfacet

 facet normal -0.0349728 0.0104209 0.999334
  outer loop
  vertex -0.0217595 0.0087607 -0.0837265
  vertex -0.0217595 0.0084611 -0.0812788
  vertex -0.0243144 0.00882765 -0.0837265
  endloop
 endfacet

 facet normal 0.0139686 0.446995 0.894427
  outer loop
  vertex -0.0192043 0.00849734 -0.0812686
  vertex -0.0217595 0.0087607 -0.0837265
  vertex -0.0217595 0.0084611 -0.0812788
  endloop
 endfacet

 facet normal 0.0139686 0.446995 0.894427
  outer loop
  vertex -0.0217595 0.0084611 -0.0812788
  vertex -0.0217595 0.0087607 -0.0837265
  vertex -0.0192043 0.00849734 -0.0812686
  endloop
 endfacet

 facet normal -0.0311725 -0.969585 -0.242761
  outer loop
  vertex -0.0192043 0.00761494 -0.0789778
  vertex -0.0217595 0.0084611 -0.0812788
  vertex -0.0217595 0.00758238 -0.0789981
  endloop
 endfacet

 facet normal -0.0311284 0.00145865 0.999514
  outer loop
  vertex -0.0217595 0.0084611 -0.0812788
  vertex -0.0192043 0.00761494 -0.0789778
  vertex -0.0192043 0.00849734 -0.0812686
  endloop
 endfacet

 facet normal -0.0311284 0.00145865 0.999514
  outer loop
  vertex -0.0192043 0.00849734 -0.0812686
  vertex -0.0192043 0.00761494 -0.0789778
  vertex -0.0217595 0.0084611 -0.0812788
  endloop
 endfacet

 facet normal -0.0311725 -0.969585 -0.242761
  outer loop
  vertex -0.0217595 0.00758238 -0.0789981
  vertex -0.0217595 0.0084611 -0.0812788
  vertex -0.0192043 0.00761494 -0.0789778
  endloop
 endfacet

 facet normal -0.542676 -0.0200737 0.839702
  outer loop
  vertex -0.0268643 0.00869103 -0.0862403
  vertex -0.0243144 0.00882765 -0.0837265
  vertex -0.0243144 0.00852564 -0.0861928
  endloop
 endfacet

 facet normal -0.542676 -0.0200737 0.839702
  outer loop
  vertex -0.0243144 0.00852564 -0.0861928
  vertex -0.0243144 0.00882765 -0.0837265
  vertex -0.0268643 0.00869103 -0.0862403
  endloop
 endfacet

 facet normal -0.143791 -0.467777 0.872072
  outer loop
  vertex -0.0217595 0.0087607 -0.0837265
  vertex -0.0243144 0.00852564 -0.0861928
  vertex -0.0243144 0.00882765 -0.0837265
  endloop
 endfacet

 facet normal -0.143791 -0.467777 0.872072
  outer loop
  vertex -0.0243144 0.00882765 -0.0837265
  vertex -0.0243144 0.00852564 -0.0861928
  vertex -0.0217595 0.0087607 -0.0837265
  endloop
 endfacet

 facet normal -0.0852577 0.973779 -0.210916
  outer loop
  vertex -0.0268643 0.00869103 -0.0862403
  vertex -0.0294052 0.00802702 -0.088731
  vertex -0.0294052 0.00895691 -0.086317
  endloop
 endfacet

 facet normal 0.375592 0.877734 -0.297513
  outer loop
  vertex -0.0294052 0.00802702 -0.088731
  vertex -0.0268643 0.00869103 -0.0862403
  vertex -0.0268643 0.00778857 -0.088583
  endloop
 endfacet

 facet normal 0.375592 0.877734 -0.297513
  outer loop
  vertex -0.0268643 0.00778857 -0.088583
  vertex -0.0268643 0.00869103 -0.0862403
  vertex -0.0294052 0.00802702 -0.088731
  endloop
 endfacet

 facet normal -0.0852577 0.973779 -0.210916
  outer loop
  vertex -0.0294052 0.00895691 -0.086317
  vertex -0.0294052 0.00802702 -0.088731
  vertex -0.0268643 0.00869103 -0.0862403
  endloop
 endfacet

 facet normal 0.351382 0.662016 0.662016
  outer loop
  vertex -0.0243144 0.00852564 -0.0861928
  vertex -0.0268643 0.00778857 -0.088583
  vertex -0.0268643 0.00869103 -0.0862403
  endloop
 endfacet

 facet normal 0.351382 0.662016 0.662016
  outer loop
  vertex -0.0268643 0.00869103 -0.0862403
  vertex -0.0268643 0.00778857 -0.088583
  vertex -0.0243144 0.00852564 -0.0861928
  endloop
 endfacet

 facet normal -0.154303 0.617213 -0.771517
  outer loop
  vertex -0.0294052 0.00895691 -0.086317
  vertex -0.0319337 0.0083552 -0.0889347
  vertex -0.0319337 0.00932297 -0.0864224
  endloop
 endfacet

 facet normal -0.0554353 0.868413 -0.492734
  outer loop
  vertex -0.0319337 0.0083552 -0.0889347
  vertex -0.0294052 0.00895691 -0.086317
  vertex -0.0294052 0.00802702 -0.088731
  endloop
 endfacet

 facet normal -0.0554353 0.868413 -0.492734
  outer loop
  vertex -0.0294052 0.00802702 -0.088731
  vertex -0.0294052 0.00895691 -0.086317
  vertex -0.0319337 0.0083552 -0.0889347
  endloop
 endfacet

 facet normal -0.154303 0.617213 -0.771517
  outer loop
  vertex -0.0319337 0.00932297 -0.0864224
  vertex -0.0319337 0.0083552 -0.0889347
  vertex -0.0294052 0.00895691 -0.086317
  endloop
 endfacet

 facet normal -0.183457 0.514412 -0.837689
  outer loop
  vertex -0.0294052 0.00802702 -0.088731
  vertex -0.0319337 0.00681576 -0.091092
  vertex -0.0319337 0.0083552 -0.0889347
  endloop
 endfacet

 facet normal -0.183457 0.514412 -0.837689
  outer loop
  vertex -0.0319337 0.0083552 -0.0889347
  vertex -0.0319337 0.00681576 -0.091092
  vertex -0.0294052 0.00802702 -0.088731
  endloop
 endfacet

 facet normal -0.356771 0.244316 -0.901678
  outer loop
  vertex -0.0344454 0.00877262 -0.0891937
  vertex -0.0319337 0.00932297 -0.0864224
  vertex -0.0319337 0.0083552 -0.0889347
  endloop
 endfacet

 facet normal -0.356771 0.244316 -0.901678
  outer loop
  vertex -0.0319337 0.0083552 -0.0889347
  vertex -0.0319337 0.00932297 -0.0864224
  vertex -0.0344454 0.00877262 -0.0891937
  endloop
 endfacet

 facet normal -0.503784 0.625676 -0.595593
  outer loop
  vertex -0.0319337 0.0083552 -0.0889347
  vertex -0.0344454 0.00715653 -0.0914584
  vertex -0.0344454 0.00877262 -0.0891937
  endloop
 endfacet

 facet normal -0.449376 -0.0799244 -0.88976
  outer loop
  vertex -0.0344454 0.00715653 -0.0914584
  vertex -0.0319337 0.0083552 -0.0889347
  vertex -0.0319337 0.00681576 -0.091092
  endloop
 endfacet

 facet normal -0.449376 -0.0799244 -0.88976
  outer loop
  vertex -0.0319337 0.00681576 -0.091092
  vertex -0.0319337 0.0083552 -0.0889347
  vertex -0.0344454 0.00715653 -0.0914584
  endloop
 endfacet

 facet normal -0.503784 0.625676 -0.595593
  outer loop
  vertex -0.0344454 0.00877262 -0.0891937
  vertex -0.0344454 0.00715653 -0.0914584
  vertex -0.0319337 0.0083552 -0.0889347
  endloop
 endfacet

 facet normal 0.391066 -0.101691 -0.914728
  outer loop
  vertex -0.0344454 0.00978845 -0.0865566
  vertex -0.0319337 0.00965308 -0.0837265
  vertex -0.0319337 0.00932297 -0.0864224
  endloop
 endfacet

 facet normal 0.391066 -0.101691 -0.914728
  outer loop
  vertex -0.0319337 0.00932297 -0.0864224
  vertex -0.0319337 0.00965308 -0.0837265
  vertex -0.0344454 0.00978845 -0.0865566
  endloop
 endfacet

 facet normal -0.450391 0.470286 -0.758933
  outer loop
  vertex -0.0319337 0.00932297 -0.0864224
  vertex -0.0344454 0.00877262 -0.0891937
  vertex -0.0344454 0.00978845 -0.0865566
  endloop
 endfacet

 facet normal -0.450391 0.470286 -0.758933
  outer loop
  vertex -0.0344454 0.00978845 -0.0865566
  vertex -0.0344454 0.00877262 -0.0891937
  vertex -0.0319337 0.00932297 -0.0864224
  endloop
 endfacet

 facet normal 0.172978 -0.0257267 -0.98459
  outer loop
  vertex -0.0319337 0.00965308 -0.0837265
  vertex -0.0344454 0.00978845 -0.0865566
  vertex -0.0344454 0.010135 -0.0837265
  endloop
 endfacet

 facet normal 0.172978 -0.0257267 -0.98459
  outer loop
  vertex -0.0344454 0.010135 -0.0837265
  vertex -0.0344454 0.00978845 -0.0865566
  vertex -0.0319337 0.00965308 -0.0837265
  endloop
 endfacet

 facet normal -0.278191 -0.581924 -0.764182
  outer loop
  vertex -0.0369365 0.0103529 -0.0867192
  vertex -0.0344454 0.010135 -0.0837265
  vertex -0.0344454 0.00978845 -0.0865566
  endloop
 endfacet

 facet normal -0.278191 -0.581924 -0.764182
  outer loop
  vertex -0.0344454 0.00978845 -0.0865566
  vertex -0.0344454 0.010135 -0.0837265
  vertex -0.0369365 0.0103529 -0.0867192
  endloop
 endfacet

 facet normal 0.0276227 -0.3132 -0.949286
  outer loop
  vertex -0.0344454 0.00978845 -0.0865566
  vertex -0.0369365 0.00927859 -0.089508
  vertex -0.0369365 0.0103529 -0.0867192
  endloop
 endfacet

 facet normal -0.152026 0.509884 -0.846704
  outer loop
  vertex -0.0369365 0.00927859 -0.089508
  vertex -0.0344454 0.00978845 -0.0865566
  vertex -0.0344454 0.00877262 -0.0891937
  endloop
 endfacet

 facet normal -0.152026 0.509884 -0.846704
  outer loop
  vertex -0.0344454 0.00877262 -0.0891937
  vertex -0.0344454 0.00978845 -0.0865566
  vertex -0.0369365 0.00927859 -0.089508
  endloop
 endfacet

 facet normal 0.0276227 -0.3132 -0.949286
  outer loop
  vertex -0.0369365 0.0103529 -0.0867192
  vertex -0.0369365 0.00927859 -0.089508
  vertex -0.0344454 0.00978845 -0.0865566
  endloop
 endfacet

 facet normal 0.452043 0.891934 -0.0105428
  outer loop
  vertex -0.0294052 0.00895691 -0.0811361
  vertex -0.0319337 0.00965308 -0.0837265
  vertex -0.0319337 0.00932297 -0.0810306
  endloop
 endfacet

 facet normal 0.452043 0.891934 -0.0105428
  outer loop
  vertex -0.0319337 0.00932297 -0.0810306
  vertex -0.0319337 0.00965308 -0.0837265
  vertex -0.0294052 0.00895691 -0.0811361
  endloop
 endfacet

 facet normal 0.595024 0.0510123 -0.802087
  outer loop
  vertex -0.0344454 0.010135 -0.0837265
  vertex -0.0319337 0.00932297 -0.0810306
  vertex -0.0319337 0.00965308 -0.0837265
  endloop
 endfacet

 facet normal 0.595024 0.0510123 -0.802087
  outer loop
  vertex -0.0319337 0.00965308 -0.0837265
  vertex -0.0319337 0.00932297 -0.0810306
  vertex -0.0344454 0.010135 -0.0837265
  endloop
 endfacet

 facet normal 0.0587057 0.877114 0.476681
  outer loop
  vertex -0.0268643 0.00778857 -0.0788701
  vertex -0.0294052 0.00895691 -0.0811361
  vertex -0.0294052 0.00802702 -0.078722
  endloop
 endfacet

 facet normal 0.0587057 0.877114 0.476681
  outer loop
  vertex -0.0294052 0.00802702 -0.078722
  vertex -0.0294052 0.00895691 -0.0811361
  vertex -0.0268643 0.00778857 -0.0788701
  endloop
 endfacet

 facet normal 0.097888 0.945407 0.310843
  outer loop
  vertex -0.0319337 0.00932297 -0.0810306
  vertex -0.0294052 0.00802702 -0.078722
  vertex -0.0294052 0.00895691 -0.0811361
  endloop
 endfacet

 facet normal 0.097888 0.945407 0.310843
  outer loop
  vertex -0.0294052 0.00895691 -0.0811361
  vertex -0.0294052 0.00802702 -0.078722
  vertex -0.0319337 0.00932297 -0.0810306
  endloop
 endfacet

 facet normal 0.48241 0.762138 0.431771
  outer loop
  vertex -0.0294052 0.00802702 -0.078722
  vertex -0.0268643 0.006353 -0.0768585
  vertex -0.0268643 0.00778857 -0.0788701
  endloop
 endfacet

 facet normal 0.48241 0.762138 0.431771
  outer loop
  vertex -0.0268643 0.00778857 -0.0788701
  vertex -0.0268643 0.006353 -0.0768585
  vertex -0.0294052 0.00802702 -0.078722
  endloop
 endfacet

 facet normal 0.115338 0.485601 0.866538
  outer loop
  vertex -0.0243144 0.00623207 -0.0769887
  vertex -0.0268643 0.00778857 -0.0788701
  vertex -0.0268643 0.006353 -0.0768585
  endloop
 endfacet

 facet normal 0.115338 0.485601 0.866538
  outer loop
  vertex -0.0268643 0.00778857 -0.0788701
  vertex -0.0243144 0.00623207 -0.0769887
  vertex -0.0243144 0.00764032 -0.0789622
  endloop
 endfacet

 facet normal 0.115338 0.485601 0.866538
  outer loop
  vertex -0.0243144 0.00764032 -0.0789622
  vertex -0.0243144 0.00623207 -0.0769887
  vertex -0.0268643 0.00778857 -0.0788701
  endloop
 endfacet

 facet normal 0.115338 0.485601 0.866538
  outer loop
  vertex -0.0268643 0.006353 -0.0768585
  vertex -0.0268643 0.00778857 -0.0788701
  vertex -0.0243144 0.00623207 -0.0769887
  endloop
 endfacet

 facet normal 0.385734 0.903156 -0.188462
  outer loop
  vertex -0.0217595 0.00618479 -0.0770395
  vertex -0.0243144 0.00764032 -0.0789622
  vertex -0.0243144 0.00623207 -0.0769887
  endloop
 endfacet

 facet normal 0.755498 -0.179734 -0.630014
  outer loop
  vertex -0.0243144 0.00764032 -0.0789622
  vertex -0.0217595 0.00618479 -0.0770395
  vertex -0.0217595 0.00758238 -0.0789981
  endloop
 endfacet

 facet normal 0.755498 -0.179734 -0.630014
  outer loop
  vertex -0.0217595 0.00758238 -0.0789981
  vertex -0.0217595 0.00618479 -0.0770395
  vertex -0.0243144 0.00764032 -0.0789622
  endloop
 endfacet

 facet normal 0.385734 0.903156 -0.188462
  outer loop
  vertex -0.0243144 0.00623207 -0.0769887
  vertex -0.0243144 0.00764032 -0.0789622
  vertex -0.0217595 0.00618479 -0.0770395
  endloop
 endfacet

 facet normal 0.248461 -0.967332 0.0503494
  outer loop
  vertex -0.0192043 0.00621134 -0.0770109
  vertex -0.0217595 0.00758238 -0.0789981
  vertex -0.0217595 0.00618479 -0.0770395
  endloop
 endfacet

 facet normal -0.0267922 -0.949535 0.312516
  outer loop
  vertex -0.0217595 0.00758238 -0.0789981
  vertex -0.0192043 0.00621134 -0.0770109
  vertex -0.0192043 0.00761494 -0.0789778
  endloop
 endfacet

 facet normal -0.0267922 -0.949535 0.312516
  outer loop
  vertex -0.0192043 0.00761494 -0.0789778
  vertex -0.0192043 0.00621134 -0.0770109
  vertex -0.0217595 0.00758238 -0.0789981
  endloop
 endfacet

 facet normal 0.248461 -0.967332 0.0503494
  outer loop
  vertex -0.0217595 0.00618479 -0.0770395
  vertex -0.0217595 0.00758238 -0.0789981
  vertex -0.0192043 0.00621134 -0.0770109
  endloop
 endfacet

 facet normal 0.0856979 0.808065 0.582827
  outer loop
  vertex -0.0217595 0.00618479 -0.0770395
  vertex -0.0192043 0.00438199 -0.0755017
  vertex -0.0192043 0.00621134 -0.0770109
  endloop
 endfacet

 facet normal 0.0856979 0.808065 0.582827
  outer loop
  vertex -0.0192043 0.00621134 -0.0770109
  vertex -0.0192043 0.00438199 -0.0755017
  vertex -0.0217595 0.00618479 -0.0770395
  endloop
 endfacet

 facet normal 0.0194192 -0.671455 0.740791
  outer loop
  vertex -0.0166517 0.00631172 -0.0769029
  vertex -0.0192043 0.00761494 -0.0789778
  vertex -0.0192043 0.00621134 -0.0770109
  endloop
 endfacet

 facet normal 0.0194192 -0.671455 0.740791
  outer loop
  vertex -0.0192043 0.00621134 -0.0770109
  vertex -0.0192043 0.00761494 -0.0789778
  vertex -0.0166517 0.00631172 -0.0769029
  endloop
 endfacet

 facet normal 0 0.81512 0.579292
  outer loop
  vertex -0.0166517 0.00445311 -0.0753695
  vertex -0.0192043 0.00621134 -0.0770109
  vertex -0.0192043 0.00438199 -0.0755017
  endloop
 endfacet

 facet normal 0.111095 -0.239731 0.964462
  outer loop
  vertex -0.0192043 0.00621134 -0.0770109
  vertex -0.0166517 0.00445311 -0.0753695
  vertex -0.0166517 0.00631172 -0.0769029
  endloop
 endfacet

 facet normal 0.111095 -0.239731 0.964462
  outer loop
  vertex -0.0166517 0.00631172 -0.0769029
  vertex -0.0166517 0.00445311 -0.0753695
  vertex -0.0192043 0.00621134 -0.0770109
  endloop
 endfacet

 facet normal 0 0.81512 0.579292
  outer loop
  vertex -0.0192043 0.00438199 -0.0755017
  vertex -0.0192043 0.00621134 -0.0770109
  vertex -0.0166517 0.00445311 -0.0753695
  endloop
 endfacet

 facet normal -0.600995 -0.564606 0.565707
  outer loop
  vertex -0.0166517 0.00773799 -0.0789016
  vertex -0.0192043 0.00849734 -0.0812686
  vertex -0.0192043 0.00761494 -0.0789778
  endloop
 endfacet

 facet normal -0.600995 -0.564606 0.565707
  outer loop
  vertex -0.0192043 0.00761494 -0.0789778
  vertex -0.0192043 0.00849734 -0.0812686
  vertex -0.0166517 0.00773799 -0.0789016
  endloop
 endfacet

 facet normal -0.489549 -0.74235 0.457447
  outer loop
  vertex -0.0192043 0.00761494 -0.0789778
  vertex -0.0166517 0.00631172 -0.0769029
  vertex -0.0166517 0.00773799 -0.0789016
  endloop
 endfacet

 facet normal -0.489549 -0.74235 0.457447
  outer loop
  vertex -0.0166517 0.00773799 -0.0789016
  vertex -0.0166517 0.00631172 -0.0769029
  vertex -0.0192043 0.00761494 -0.0789778
  endloop
 endfacet

 facet normal -0.578611 0.610853 0.540433
  outer loop
  vertex -0.0192043 0.00849734 -0.0812686
  vertex -0.0166517 0.00773799 -0.0789016
  vertex -0.0166517 0.00863445 -0.0812289
  endloop
 endfacet

 facet normal -0.578611 0.610853 0.540433
  outer loop
  vertex -0.0166517 0.00863445 -0.0812289
  vertex -0.0166517 0.00773799 -0.0789016
  vertex -0.0192043 0.00849734 -0.0812686
  endloop
 endfacet

 facet normal -0.4411 0.895726 -0.0557364
  outer loop
  vertex -0.0141063 0.00795106 -0.0787692
  vertex -0.0166517 0.00863445 -0.0812289
  vertex -0.0166517 0.00773799 -0.0789016
  endloop
 endfacet

 facet normal -0.4411 0.895726 -0.0557364
  outer loop
  vertex -0.0166517 0.00773799 -0.0789016
  vertex -0.0166517 0.00863445 -0.0812289
  vertex -0.0141063 0.00795106 -0.0787692
  endloop
 endfacet

 facet normal -0.550894 -0.197451 0.810881
  outer loop
  vertex -0.0141063 0.00648574 -0.0767158
  vertex -0.0166517 0.00773799 -0.0789016
  vertex -0.0166517 0.00631172 -0.0769029
  endloop
 endfacet

 facet normal -0.713086 0.511553 0.479398
  outer loop
  vertex -0.0166517 0.00773799 -0.0789016
  vertex -0.0141063 0.00648574 -0.0767158
  vertex -0.0141063 0.00795106 -0.0787692
  endloop
 endfacet

 facet normal -0.713086 0.511553 0.479398
  outer loop
  vertex -0.0141063 0.00795106 -0.0787692
  vertex -0.0141063 0.00648574 -0.0767158
  vertex -0.0166517 0.00773799 -0.0789016
  endloop
 endfacet

 facet normal -0.550894 -0.197451 0.810881
  outer loop
  vertex -0.0166517 0.00631172 -0.0769029
  vertex -0.0166517 0.00773799 -0.0789016
  vertex -0.0141063 0.00648574 -0.0767158
  endloop
 endfacet

 facet normal -0.041416 0 0.999142
  outer loop
  vertex -0.0217595 0.0087607 -0.0837265
  vertex -0.0192043 0.00849734 -0.0812686
  vertex -0.0192043 0.00879839 -0.0837265
  endloop
 endfacet

 facet normal -0.041416 0 0.999142
  outer loop
  vertex -0.0192043 0.00879839 -0.0837265
  vertex -0.0192043 0.00849734 -0.0812686
  vertex -0.0217595 0.0087607 -0.0837265
  endloop
 endfacet

 facet normal -0.02937 0.468121 0.883176
  outer loop
  vertex -0.0166517 0.00863445 -0.0812289
  vertex -0.0192043 0.00879839 -0.0837265
  vertex -0.0192043 0.00849734 -0.0812686
  endloop
 endfacet

 facet normal -0.02937 0.468121 0.883176
  outer loop
  vertex -0.0192043 0.00849734 -0.0812686
  vertex -0.0192043 0.00879839 -0.0837265
  vertex -0.0166517 0.00863445 -0.0812289
  endloop
 endfacet

 facet normal -0.121502 0.486006 0.865468
  outer loop
  vertex -0.0243144 0.00852564 -0.0861928
  vertex -0.0217595 0.0087607 -0.0837265
  vertex -0.0217595 0.0084611 -0.0861741
  endloop
 endfacet

 facet normal -0.121502 0.486006 0.865468
  outer loop
  vertex -0.0217595 0.0084611 -0.0861741
  vertex -0.0217595 0.0087607 -0.0837265
  vertex -0.0243144 0.00852564 -0.0861928
  endloop
 endfacet

 facet normal -0.0618771 0.483974 0.872892
  outer loop
  vertex -0.0192043 0.00879839 -0.0837265
  vertex -0.0217595 0.0084611 -0.0861741
  vertex -0.0217595 0.0087607 -0.0837265
  endloop
 endfacet

 facet normal -0.0618771 0.483974 0.872892
  outer loop
  vertex -0.0217595 0.0087607 -0.0837265
  vertex -0.0217595 0.0084611 -0.0861741
  vertex -0.0192043 0.00879839 -0.0837265
  endloop
 endfacet

 facet normal 0.436852 0.479692 0.760957
  outer loop
  vertex -0.0268643 0.00778857 -0.088583
  vertex -0.0243144 0.00852564 -0.0861928
  vertex -0.0243144 0.00764032 -0.0884909
  endloop
 endfacet

 facet normal 0.436852 0.479692 0.760957
  outer loop
  vertex -0.0243144 0.00764032 -0.0884909
  vertex -0.0243144 0.00852564 -0.0861928
  vertex -0.0268643 0.00778857 -0.088583
  endloop
 endfacet

 facet normal -0.0844827 0.843001 0.531237
  outer loop
  vertex -0.0217595 0.0084611 -0.0861741
  vertex -0.0243144 0.00764032 -0.0884909
  vertex -0.0243144 0.00852564 -0.0861928
  endloop
 endfacet

 facet normal -0.0844827 0.843001 0.531237
  outer loop
  vertex -0.0243144 0.00852564 -0.0861928
  vertex -0.0243144 0.00764032 -0.0884909
  vertex -0.0217595 0.0084611 -0.0861741
  endloop
 endfacet

 facet normal 0.929788 -0.158197 -0.332366
  outer loop
  vertex -0.0268643 0.00778857 -0.088583
  vertex -0.0294052 0.00654775 -0.0908038
  vertex -0.0294052 0.00802702 -0.088731
  endloop
 endfacet

 facet normal 0.472226 -0.87486 0.107807
  outer loop
  vertex -0.0294052 0.00654775 -0.0908038
  vertex -0.0268643 0.00778857 -0.088583
  vertex -0.0268643 0.006353 -0.0905945
  endloop
 endfacet

 facet normal 0.472226 -0.87486 0.107807
  outer loop
  vertex -0.0268643 0.006353 -0.0905945
  vertex -0.0268643 0.00778857 -0.088583
  vertex -0.0294052 0.00654775 -0.0908038
  endloop
 endfacet

 facet normal 0.929788 -0.158197 -0.332366
  outer loop
  vertex -0.0294052 0.00802702 -0.088731
  vertex -0.0294052 0.00654775 -0.0908038
  vertex -0.0268643 0.00778857 -0.088583
  endloop
 endfacet

 facet normal 0.925182 -0.0868923 0.369443
  outer loop
  vertex -0.0243144 0.00764032 -0.0884909
  vertex -0.0268643 0.006353 -0.0905945
  vertex -0.0268643 0.00778857 -0.088583
  endloop
 endfacet

 facet normal 0.925182 -0.0868923 0.369443
  outer loop
  vertex -0.0268643 0.00778857 -0.088583
  vertex -0.0268643 0.006353 -0.0905945
  vertex -0.0243144 0.00764032 -0.0884909
  endloop
 endfacet

 facet normal -0.259832 -0.125906 -0.957411
  outer loop
  vertex -0.0319337 0.00681576 -0.091092
  vertex -0.0294052 0.00802702 -0.088731
  vertex -0.0294052 0.00654775 -0.0908038
  endloop
 endfacet

 facet normal -0.259832 -0.125906 -0.957411
  outer loop
  vertex -0.0294052 0.00654775 -0.0908038
  vertex -0.0294052 0.00802702 -0.088731
  vertex -0.0319337 0.00681576 -0.091092
  endloop
 endfacet

 facet normal -0.0900417 -0.880874 -0.464708
  outer loop
  vertex -0.0294052 0.00654775 -0.0908038
  vertex -0.0319337 0.00480939 -0.0927473
  vertex -0.0319337 0.00681576 -0.091092
  endloop
 endfacet

 facet normal -0.0900417 -0.880874 -0.464708
  outer loop
  vertex -0.0319337 0.00681576 -0.091092
  vertex -0.0319337 0.00480939 -0.0927473
  vertex -0.0294052 0.00654775 -0.0908038
  endloop
 endfacet

 facet normal -0.0773478 -0.468007 -0.880334
  outer loop
  vertex -0.0344454 0.00505036 -0.0931962
  vertex -0.0319337 0.00681576 -0.091092
  vertex -0.0319337 0.00480939 -0.0927473
  endloop
 endfacet

 facet normal -0.223705 -0.605029 -0.764131
  outer loop
  vertex -0.0319337 0.00681576 -0.091092
  vertex -0.0344454 0.00505036 -0.0931962
  vertex -0.0344454 0.00715653 -0.0914584
  endloop
 endfacet

 facet normal -0.223705 -0.605029 -0.764131
  outer loop
  vertex -0.0344454 0.00715653 -0.0914584
  vertex -0.0344454 0.00505036 -0.0931962
  vertex -0.0319337 0.00681576 -0.091092
  endloop
 endfacet

 facet normal -0.0773478 -0.468007 -0.880334
  outer loop
  vertex -0.0319337 0.00480939 -0.0927473
  vertex -0.0319337 0.00681576 -0.091092
  vertex -0.0344454 0.00505036 -0.0931962
  endloop
 endfacet

 facet normal 0.0547673 -0.885745 0.460929
  outer loop
  vertex -0.0268643 0.006353 -0.0905945
  vertex -0.0294052 0.00461996 -0.0923945
  vertex -0.0294052 0.00654775 -0.0908038
  endloop
 endfacet

 facet normal 0.0547673 -0.885745 0.460929
  outer loop
  vertex -0.0294052 0.00654775 -0.0908038
  vertex -0.0294052 0.00461996 -0.0923945
  vertex -0.0268643 0.006353 -0.0905945
  endloop
 endfacet

 facet normal 0.0978964 -0.92588 0.364915
  outer loop
  vertex -0.0319337 0.00480939 -0.0927473
  vertex -0.0294052 0.00654775 -0.0908038
  vertex -0.0294052 0.00461996 -0.0923945
  endloop
 endfacet

 facet normal 0.0978964 -0.92588 0.364915
  outer loop
  vertex -0.0294052 0.00461996 -0.0923945
  vertex -0.0294052 0.00654775 -0.0908038
  vertex -0.0319337 0.00480939 -0.0927473
  endloop
 endfacet

 facet normal 0.149985 0.58039 0.800407
  outer loop
  vertex -0.0268643 0.006353 -0.0905945
  vertex -0.0243144 0.00764032 -0.0884909
  vertex -0.0243144 0.00623207 -0.0904644
  endloop
 endfacet

 facet normal 0.149985 0.58039 0.800407
  outer loop
  vertex -0.0243144 0.00623207 -0.0904644
  vertex -0.0243144 0.00764032 -0.0884909
  vertex -0.0268643 0.006353 -0.0905945
  endloop
 endfacet

 facet normal 0.0118374 -0.691767 0.722024
  outer loop
  vertex -0.0294052 0.00461996 -0.0923945
  vertex -0.0268643 0.006353 -0.0905945
  vertex -0.0268643 0.00448228 -0.0921381
  endloop
 endfacet

 facet normal 0.0118374 -0.691767 0.722024
  outer loop
  vertex -0.0268643 0.00448228 -0.0921381
  vertex -0.0268643 0.006353 -0.0905945
  vertex -0.0294052 0.00461996 -0.0923945
  endloop
 endfacet

 facet normal 0.0130428 -0.390826 0.920372
  outer loop
  vertex -0.0243144 0.00623207 -0.0904644
  vertex -0.0268643 0.00448228 -0.0921381
  vertex -0.0268643 0.006353 -0.0905945
  endloop
 endfacet

 facet normal 0.0130428 -0.390826 0.920372
  outer loop
  vertex -0.0268643 0.006353 -0.0905945
  vertex -0.0268643 0.00448228 -0.0921381
  vertex -0.0243144 0.00623207 -0.0904644
  endloop
 endfacet

 facet normal -0.449892 0.887778 0.0971942
  outer loop
  vertex -0.0243144 0.00764032 -0.0884909
  vertex -0.0217595 0.0084611 -0.0861741
  vertex -0.0217595 0.00758238 -0.0884549
  endloop
 endfacet

 facet normal -0.449892 0.887778 0.0971942
  outer loop
  vertex -0.0217595 0.00758238 -0.0884549
  vertex -0.0217595 0.0084611 -0.0861741
  vertex -0.0243144 0.00764032 -0.0884909
  endloop
 endfacet

 facet normal -0.402142 0.791904 0.459532
  outer loop
  vertex -0.0217595 0.00758238 -0.0884549
  vertex -0.0243144 0.00623207 -0.0904644
  vertex -0.0243144 0.00764032 -0.0884909
  endloop
 endfacet

 facet normal -0.402142 0.791904 0.459532
  outer loop
  vertex -0.0243144 0.00764032 -0.0884909
  vertex -0.0243144 0.00623207 -0.0904644
  vertex -0.0217595 0.00758238 -0.0884549
  endloop
 endfacet

 facet normal -0.0558924 0.840211 0.539371
  outer loop
  vertex -0.0217595 0.0084611 -0.0861741
  vertex -0.0192043 0.00879839 -0.0837265
  vertex -0.0192043 0.00849734 -0.0861846
  endloop
 endfacet

 facet normal -0.0558924 0.840211 0.539371
  outer loop
  vertex -0.0192043 0.00849734 -0.0861846
  vertex -0.0192043 0.00879839 -0.0837265
  vertex -0.0217595 0.0084611 -0.0861741
  endloop
 endfacet

 facet normal -0.470438 0.877164 0.0962883
  outer loop
  vertex -0.0192043 0.00849734 -0.0861846
  vertex -0.0217595 0.00758238 -0.0884549
  vertex -0.0217595 0.0084611 -0.0861741
  endloop
 endfacet

 facet normal -0.470438 0.877164 0.0962883
  outer loop
  vertex -0.0217595 0.0084611 -0.0861741
  vertex -0.0217595 0.00758238 -0.0884549
  vertex -0.0192043 0.00849734 -0.0861846
  endloop
 endfacet

 facet normal -0.244267 0.474951 0.845432
  outer loop
  vertex -0.0192043 0.00879839 -0.0837265
  vertex -0.0166517 0.00863445 -0.0812289
  vertex -0.0166517 0.00894034 -0.0837265
  endloop
 endfacet

 facet normal -0.244267 0.474951 0.845432
  outer loop
  vertex -0.0166517 0.00894034 -0.0837265
  vertex -0.0166517 0.00863445 -0.0812289
  vertex -0.0192043 0.00879839 -0.0837265
  endloop
 endfacet

 facet normal -0.222806 0.348856 0.910306
  outer loop
  vertex -0.0166517 0.00894034 -0.0837265
  vertex -0.0192043 0.00849734 -0.0861846
  vertex -0.0192043 0.00879839 -0.0837265
  endloop
 endfacet

 facet normal -0.222806 0.348856 0.910306
  outer loop
  vertex -0.0192043 0.00879839 -0.0837265
  vertex -0.0192043 0.00849734 -0.0861846
  vertex -0.0166517 0.00894034 -0.0837265
  endloop
 endfacet

 facet normal -0.44674 0.0460151 0.89348
  outer loop
  vertex -0.0141063 0.00887222 -0.0811603
  vertex -0.0166517 0.00894034 -0.0837265
  vertex -0.0166517 0.00863445 -0.0812289
  endloop
 endfacet

 facet normal -0.44674 0.0460151 0.89348
  outer loop
  vertex -0.0166517 0.00863445 -0.0812289
  vertex -0.0166517 0.00894034 -0.0837265
  vertex -0.0141063 0.00887222 -0.0811603
  endloop
 endfacet

 facet normal 0.128066 0.934566 -0.331943
  outer loop
  vertex -0.0166517 0.00863445 -0.0812289
  vertex -0.0141063 0.00795106 -0.0787692
  vertex -0.0141063 0.00887222 -0.0811603
  endloop
 endfacet

 facet normal 0.128066 0.934566 -0.331943
  outer loop
  vertex -0.0141063 0.00887222 -0.0811603
  vertex -0.0141063 0.00795106 -0.0787692
  vertex -0.0166517 0.00863445 -0.0812289
  endloop
 endfacet

 facet normal -0.390789 -0.486232 0.781577
  outer loop
  vertex -0.0166517 0.00894034 -0.0837265
  vertex -0.0141063 0.00887222 -0.0811603
  vertex -0.0141063 0.00918645 -0.0837265
  endloop
 endfacet

 facet normal -0.390789 -0.486232 0.781577
  outer loop
  vertex -0.0141063 0.00918645 -0.0837265
  vertex -0.0141063 0.00887222 -0.0811603
  vertex -0.0166517 0.00894034 -0.0837265
  endloop
 endfacet

 facet normal -0.751738 -0.545654 0.37034
  outer loop
  vertex -0.0115718 0.00921019 -0.0810631
  vertex -0.0141063 0.00918645 -0.0837265
  vertex -0.0141063 0.00887222 -0.0811603
  endloop
 endfacet

 facet normal -0.751738 -0.545654 0.37034
  outer loop
  vertex -0.0141063 0.00887222 -0.0811603
  vertex -0.0141063 0.00918645 -0.0837265
  vertex -0.0115718 0.00921019 -0.0810631
  endloop
 endfacet

 facet normal -0.887209 -0.314958 -0.337138
  outer loop
  vertex -0.0115718 0.00825414 -0.0785811
  vertex -0.0141063 0.00887222 -0.0811603
  vertex -0.0141063 0.00795106 -0.0787692
  endloop
 endfacet

 facet normal -0.803869 -0.577047 -0.144262
  outer loop
  vertex -0.0141063 0.00887222 -0.0811603
  vertex -0.0115718 0.00825414 -0.0785811
  vertex -0.0115718 0.00921019 -0.0810631
  endloop
 endfacet

 facet normal -0.803869 -0.577047 -0.144262
  outer loop
  vertex -0.0115718 0.00921019 -0.0810631
  vertex -0.0115718 0.00825414 -0.0785811
  vertex -0.0141063 0.00887222 -0.0811603
  endloop
 endfacet

 facet normal -0.887209 -0.314958 -0.337138
  outer loop
  vertex -0.0141063 0.00795106 -0.0787692
  vertex -0.0141063 0.00887222 -0.0811603
  vertex -0.0115718 0.00825414 -0.0785811
  endloop
 endfacet

 facet normal -0.726727 0.540347 0.424138
  outer loop
  vertex -0.0115718 0.0067332 -0.0764498
  vertex -0.0141063 0.00795106 -0.0787692
  vertex -0.0141063 0.00648574 -0.0767158
  endloop
 endfacet

 facet normal -0.776472 -0.0384867 -0.628976
  outer loop
  vertex -0.0141063 0.00795106 -0.0787692
  vertex -0.0115718 0.0067332 -0.0764498
  vertex -0.0115718 0.00825414 -0.0785811
  endloop
 endfacet

 facet normal -0.776472 -0.0384866 -0.628976
  outer loop
  vertex -0.0115718 0.00825414 -0.0785811
  vertex -0.0115718 0.0067332 -0.0764498
  vertex -0.0141063 0.00795106 -0.0787692
  endloop
 endfacet

 facet normal -0.726727 0.540347 0.424138
  outer loop
  vertex -0.0141063 0.00648574 -0.0767158
  vertex -0.0141063 0.00795106 -0.0787692
  vertex -0.0115718 0.0067332 -0.0764498
  endloop
 endfacet

 facet normal 0.0150402 -0.817806 -0.575298
  outer loop
  vertex -0.0115718 0.00475106 -0.0748143
  vertex -0.0115718 -0.00680153 -0.0764498
  vertex -0.0115718 0.0067332 -0.0764498
  endloop
 endfacet

 facet normal 0 -0.707107 -0.707107
  outer loop
  vertex -0.0115718 0.0067332 -0.0764498
  vertex -0.0115718 -0.00680153 -0.0764498
  vertex -0.0115718 -0.00832246 -0.0785811
  endloop
 endfacet

 facet normal -0.827582 -0.447733 -0.338589
  outer loop
  vertex -0.0115718 0.0067332 -0.0764498
  vertex -0.0115718 -0.00832246 -0.0785811
  vertex -0.0115718 0.00825414 -0.0785811
  endloop
 endfacet

 facet normal -0.827582 -0.447733 -0.338589
  outer loop
  vertex -0.0115718 0.00825414 -0.0785811
  vertex -0.0115718 -0.00832246 -0.0785811
  vertex -0.0115718 0.0067332 -0.0764498
  endloop
 endfacet

 facet normal 0 -0.707107 -0.707107
  outer loop
  vertex -0.0115718 -0.00832246 -0.0785811
  vertex -0.0115718 -0.00680153 -0.0764498
  vertex -0.0115718 0.0067332 -0.0764498
  endloop
 endfacet

 facet normal 0.0150402 -0.817806 -0.575298
  outer loop
  vertex -0.0115718 0.0067332 -0.0764498
  vertex -0.0115718 -0.00680153 -0.0764498
  vertex -0.0115718 0.00475106 -0.0748143
  endloop
 endfacet

 facet normal -0.828803 -0.515079 0.218586
  outer loop
  vertex -0.0141063 0.00648574 -0.0767158
  vertex -0.0115718 0.00475106 -0.0748143
  vertex -0.0115718 0.0067332 -0.0764498
  endloop
 endfacet

 facet normal -0.828803 -0.515079 0.218586
  outer loop
  vertex -0.0115718 0.0067332 -0.0764498
  vertex -0.0115718 0.00475106 -0.0748143
  vertex -0.0141063 0.00648574 -0.0767158
  endloop
 endfacet

 facet normal -0.223384 0.0865813 0.970877
  outer loop
  vertex -0.0166517 0.00631172 -0.0769029
  vertex -0.0141063 0.00457607 -0.0751403
  vertex -0.0141063 0.00648574 -0.0767158
  endloop
 endfacet

 facet normal -0.223384 0.0865813 0.970877
  outer loop
  vertex -0.0141063 0.00648574 -0.0767158
  vertex -0.0141063 0.00457607 -0.0751403
  vertex -0.0166517 0.00631172 -0.0769029
  endloop
 endfacet

 facet normal -0.678003 0.220793 0.701115
  outer loop
  vertex -0.0115718 0.00475106 -0.0748143
  vertex -0.0141063 0.00648574 -0.0767158
  vertex -0.0141063 0.00457607 -0.0751403
  endloop
 endfacet

 facet normal -0.678003 0.220793 0.701115
  outer loop
  vertex -0.0141063 0.00457607 -0.0751403
  vertex -0.0141063 0.00648574 -0.0767158
  vertex -0.0115718 0.00475106 -0.0748143
  endloop
 endfacet

 facet normal -0.229864 0.692456 0.683863
  outer loop
  vertex -0.0141063 0.00457607 -0.0751403
  vertex -0.0166517 0.00631172 -0.0769029
  vertex -0.0166517 0.00445311 -0.0753695
  endloop
 endfacet

 facet normal -0.229864 0.692456 0.683863
  outer loop
  vertex -0.0166517 0.00445311 -0.0753695
  vertex -0.0166517 0.00631172 -0.0769029
  vertex -0.0141063 0.00457607 -0.0751403
  endloop
 endfacet

 facet normal -0.300472 0.712244 -0.63437
  outer loop
  vertex -0.0115718 0.00244287 -0.0737863
  vertex -0.0141063 0.00457607 -0.0751403
  vertex -0.0141063 0.00235227 -0.0741497
  endloop
 endfacet

 facet normal -0.91458 0.377176 -0.145883
  outer loop
  vertex -0.0141063 0.00457607 -0.0751403
  vertex -0.0115718 0.00244287 -0.0737863
  vertex -0.0115718 0.00475106 -0.0748143
  endloop
 endfacet

 facet normal -0.91458 0.377176 -0.145883
  outer loop
  vertex -0.0115718 0.00475106 -0.0748143
  vertex -0.0115718 0.00244287 -0.0737863
  vertex -0.0141063 0.00457607 -0.0751403
  endloop
 endfacet

 facet normal -0.300472 0.712244 -0.63437
  outer loop
  vertex -0.0141063 0.00235227 -0.0741497
  vertex -0.0141063 0.00457607 -0.0751403
  vertex -0.0115718 0.00244287 -0.0737863
  endloop
 endfacet

 facet normal -0.258268 0.830356 -0.493768
